40001	1
40002	2
40003	3
40004	4
40005	5
40006	6
40007	7
40008	8
40009	9
40010	10
40011	11
40012	12
40013	13
40014	14
40015	15
40016	16
40017	17
40018	18
40019	19
40020	20
40021	21
40022	22
40023	23
40024	24
40025	25
40026	26
40027	27
40028	28
40029	29
40030	30
40031	31
40032	32
40033	33
40034	34
40035	35
40036	36
40037	37
40038	38
40039	39
40040	40
40041	41
40042	42
40043	43
40044	44
40045	45
40046	46
40047	47
40048	48
40049	49
40050	50
40051	51
40052	52
40053	53
40054	54
40055	55
40056	56
40057	57
40058	58
40059	59
40060	60
40061	61
40062	62
40063	63
40064	64
40065	65
40066	66
40067	67
40068	68
40069	69
40070	70
40071	71
40072	72
40073	73
40074	74
40075	75
40076	76
40077	77
40078	78
40079	79
40080	80
40081	81
40082	82
40083	83
40084	84
40085	85
40086	86
40087	87
40088	88
40089	89
40090	90
40091	91
40092	92
40093	93
40094	94
40095	95
40096	96
40097	97
40098	98
40099	99
40100	100
